[
  {
    "paso": 0,
    "clusters": [["A"], ["B"], ["C"], ["D"], ["E"], ["F"], ["G"]],
    "matriz": [
      [0.00000, 2.15000, 0.70000, 1.07000, 0.85000, 1.16000, 1.56000],
      [2.15000, 0.00000, 1.53000, 1.14000, 1.38000, 1.01000, 2.83000],
      [0.70000, 1.53000, 0.00000, 0.43000, 0.21000, 0.55000, 1.86000],
      [1.07000, 1.14000, 0.43000, 0.00000, 0.29000, 0.22000, 2.04000],
      [0.85000, 1.38000, 0.21000, 0.29000, 0.00000, 0.41000, 2.02000],
      [1.16000, 1.01000, 0.55000, 0.22000, 0.41000, 0.00000, 2.05000],
      [1.56000, 2.83000, 1.86000, 2.04000, 2.02000, 2.05000, 0.00000]
    ],
    "fusion": null
  },
  {
    "paso": 1,
    "clusters": [["A"], ["B"], ["D"], ["F"], ["G"], ["C", "E"]],
    "matriz": [
      [null, 2.15000, 1.07000, 1.16000, 1.56000, 0.77500],
      [2.15000, null, 1.14000, 1.01000, 2.83000, 1.45500],
      [1.07000, 1.14000, null, 0.22000, 2.04000, 0.36000],
      [1.16000, 1.01000, 0.22000, null, 2.05000, 0.48000],
      [1.56000, 2.83000, 2.04000, 2.05000, null, 1.94000],
      [0.77500, 1.45500, 0.36000, 0.48000, 1.94000, null]
    ],
    "fusion": {
      "clusters": ["C", "E"],
      "distancia": 0.21000
    }
  },
  {
    "paso": 2,
    "clusters": [["A"], ["B"], ["G"], ["C", "E"], ["D", "F"]],
    "matriz": [
      [null, 2.15000, 1.56000, 0.77500, 1.11500],
      [2.15000, null, 2.83000, 1.45500, 1.07500],
      [1.56000, 2.83000, null, 1.94000, 2.04500],
      [0.77500, 1.45500, 1.94000, null, 0.42000],
      [1.11500, 1.07500, 2.04500, 0.42000, null]
    ],
    "fusion": {
      "clusters": ["D", "F"],
      "distancia": 0.22000
    }
  },
  {
    "paso": 3,
    "clusters": [["A"], ["B"], ["G"], ["C", "D", "E", "F"]],
    "matriz": [
      [null, 2.15000, 1.56000, 0.94500],
      [2.15000, null, 2.83000, 1.26500],
      [1.56000, 2.83000, null, 1.99250],
      [0.94500, 1.26500, 1.99250, null]
    ],
    "fusion": {
      "clusters": ["CE", "DF"],
      "distancia": 0.42000
    }
  },
  {
    "paso": 4,
    "clusters": [["B"], ["G"], ["A", "C", "D", "E", "F"]],
    "matriz": [
      [null, 2.83000, 1.44200],
      [2.83000, null, 1.90600],
      [1.44200, 1.90600, null]
    ],
    "fusion": {
      "clusters": ["A", "CDEF"],
      "distancia": 0.94500
    }
  },
  {
    "paso": 5,
    "clusters": [["G"], ["A", "B", "C", "D", "E", "F"]],
    "matriz": [
      [null, 2.06000],
      [2.06000, null]
    ],
    "fusion": {
      "clusters": ["B", "ACDEF"],
      "distancia": 1.44200
    }
  },
  {
    "paso": 6,
    "clusters": [["A", "B", "C", "D", "E", "F", "G"]],
    "matriz": [
      [null]
    ],
    "fusion": {
      "clusters": ["G", "ABCDEF"],
      "distancia": 2.06000
    }
  }
]
