[
  {
    "paso": 0,
    "clusters": [["A"], ["B"], ["C"], ["D"], ["E"], ["F"], ["G"], ["H"], ["I"], ["J"], ["K"], ["L"], ["M"], ["N"], ["O"], ["P"], ["Q"], ["R"], ["S"], ["T"], ["U"], ["V"], ["W"], ["X"]],
    "matriz": [
      [0.00000, 41.62144, 18.04772, 30.02182, 16.55482, 38.04791, 30.85168, 49.37998, 14.56311, 24.84853, 29.33424, 22.89348, 32.69037, 42.44892, 27.18935, 46.45016, 47.21815, 66.01329, 32.19563, 25.67525, 15.43903, 39.72202, 28.74280, 22.03058],
      [41.62144, 0.00000, 36.18502, 24.69164, 34.02050, 14.33266, 20.91773, 43.21478, 31.02054, 26.10816, 18.46544, 24.70385, 33.53915, 32.21356, 20.49374, 15.95440, 19.15630, 34.81985, 24.79069, 20.72753, 33.77822, 14.26412, 33.25117, 30.35344],
      [18.04772, 36.18502, 0.00000, 23.83906, 6.20885, 34.00572, 20.95201, 47.10072, 14.66311, 20.27368, 23.63408, 20.18668, 25.41776, 34.08495, 19.20715, 41.08485, 42.25838, 61.76057, 24.29413, 18.85836, 9.92411, 32.03240, 21.18874, 15.95026],
      [30.02182, 24.69164, 23.83906, 0.00000, 20.64474, 30.28900, 10.47416, 39.61812, 20.69344, 6.54937, 8.50002, 9.91056, 12.75719, 16.36522, 12.01130, 35.15048, 28.25881, 57.01341, 5.05120, 11.00587, 17.19406, 19.59361, 17.40223, 11.09493],
      [16.55482, 34.02050, 6.20885, 20.64474, 0.00000, 32.08512, 19.18476, 45.99229, 10.93820, 16.73429, 20.83036, 17.27502, 22.22475, 32.10970, 16.36244, 39.21287, 39.69697, 60.32511, 21.27086, 16.05912, 8.04200, 30.03936, 19.87754, 12.14182],
      [38.04791, 14.33266, 34.00572, 30.28900, 32.08512, 0.00000, 24.75486, 50.11366, 28.05633, 29.90386, 24.50886, 27.94601, 37.25657, 41.65745, 21.85109, 12.37902, 27.25792, 29.32151, 30.44395, 24.05196, 33.52896, 21.11358, 37.06937, 31.56881],
      [30.85168, 20.91773, 20.95201, 10.47416, 19.18476, 24.75486, 0.00000, 41.20765, 19.11959, 11.92458, 9.06803, 14.15953, 16.00514, 20.25564, 6.10726, 28.44243, 28.96483, 50.85322, 10.38638, 8.33968, 17.73208, 13.97355, 16.71717, 12.72620],
      [49.37998, 43.21478, 47.10072, 39.61812, 45.99229, 50.11366, 41.20765, 0.00000, 47.04870, 42.04868, 36.09506, 40.16358, 42.15670, 34.81395, 40.61949, 50.43147, 52.45709, 67.95498, 43.07536, 38.27734, 43.21861, 40.84714, 8.01882, 43.34631],
      [14.56311, 31.02054, 14.66311, 20.69344, 10.93820, 28.05633, 19.11959, 47.04870, 0.00000, 16.14461, 19.21729, 16.50592, 22.84391, 33.99461, 14.99148, 34.81744, 38.83691, 56.01933, 22.31145, 14.58167, 11.50492, 27.06951, 20.10445, 12.67422],
      [24.84853, 26.10816, 20.27368, 6.54937, 16.73429, 29.90386, 11.92458, 42.04868, 16.14461, 0.00000, 10.34233, 6.44903, 15.63484, 21.00679, 11.83421, 35.96643, 28.99471, 57.96417, 8.03366, 10.30270, 12.98153, 22.53028, 17.83151, 7.83385],
      [29.33424, 18.46544, 23.63408, 8.50002, 20.83036, 24.50886, 9.06803, 36.09506, 19.21729, 10.34233, 0.00000, 10.38756, 17.55827, 19.33054, 8.96109, 28.78979, 26.87496, 50.90043, 11.31278, 5.89625, 18.36764, 14.08305, 17.01376, 14.37301],
      [22.89348, 24.70385, 20.18668, 9.91056, 17.27502, 27.94601, 14.15953, 40.16358, 16.50592, 6.44903, 10.38756, 0.00000, 20.30523, 24.12092, 13.17657, 35.35028, 27.86257, 56.44425, 12.20348, 11.00510, 12.90154, 23.55200, 20.70262, 11.66068],
      [32.69037, 33.53915, 25.41776, 12.75719, 22.22475, 37.25657, 16.00514, 42.15670, 22.84391, 15.63484, 17.55827, 20.30523, 0.00000, 17.94159, 16.93239, 40.15784, 39.45988, 62.46387, 14.36158, 17.34528, 20.00498, 23.73972, 13.98564, 12.98998],
      [42.44892, 32.21356, 34.08495, 16.36522, 32.10970, 41.65745, 20.25564, 34.81395, 33.99461, 21.00679, 19.33054, 24.12092, 17.94159, 0.00000, 23.83909, 42.80704, 35.56980, 64.63775, 17.07183, 22.28291, 28.83718, 24.90805, 20.51037, 23.63000],
      [27.18935, 20.49374, 19.20715, 12.01130, 16.36244, 21.85109, 6.10726, 40.61949, 14.99148, 11.83421, 8.96109, 13.17657, 16.93239, 23.83909, 0.00000, 26.50140, 29.80598, 49.03685, 12.94894, 6.36347, 15.92902, 14.99779, 17.48256, 11.33494],
      [46.45016, 15.95440, 41.08485, 35.15048, 39.21287, 12.37902, 28.44243, 50.43147, 34.81744, 35.96643, 28.78979, 35.35028, 40.15784, 42.80704, 26.50140, 0.00000, 32.24975, 23.60365, 35.28889, 28.74112, 40.67823, 19.70188, 39.39136, 37.33294],
      [47.21815, 19.15630, 42.25838, 28.25881, 39.69697, 27.25792, 28.96483, 52.45709, 38.83691, 28.99471, 26.87496, 27.86257, 39.45988, 35.56980, 29.80598, 32.24975, 0.00000, 46.12342, 26.24005, 29.90465, 38.98768, 29.01066, 42.54481, 35.25079],
      [66.01329, 34.81985, 61.76057, 57.01341, 60.32511, 29.32151, 50.85322, 67.95498, 56.01933, 57.96417, 50.90043, 56.44425, 62.46387, 64.63775, 49.03685, 23.60365, 46.12342, 0.00000, 56.89287, 51.25891, 62.30396, 41.58904, 62.27976, 59.67477],
      [32.19563, 24.79069, 24.29413, 5.05120, 21.27086, 30.44395, 10.38638, 43.07536, 22.31145, 8.03366, 11.31278, 12.20348, 14.36158, 17.07183, 12.94894, 35.28889, 26.24005, 56.89287, 0.00000, 13.00743, 18.87283, 20.37443, 19.88157, 12.35678],
      [25.67525, 20.72753, 18.85836, 11.00587, 16.05912, 24.05196, 8.33968, 38.27734, 14.58167, 10.30270, 5.89625, 11.00510, 17.34528, 22.28291, 6.36347, 28.74112, 29.90465, 51.25891, 13.00743, 0.00000, 14.89967, 15.51485, 14.57589, 11.84202],
      [15.43903, 33.77822, 9.92411, 17.19406, 8.04200, 33.52896, 17.73208, 43.21861, 11.50492, 12.98153, 18.36764, 12.90154, 20.00498, 28.83718, 15.92902, 40.67823, 38.98768, 62.30396, 18.87283, 14.89967, 0.00000, 29.46143, 17.60691, 9.02522],
      [39.72202, 14.26412, 32.03240, 19.59361, 30.03936, 21.11358, 13.97355, 40.84714, 27.06951, 22.53028, 14.08305, 23.55200, 23.73972, 24.90805, 14.99779, 19.70188, 29.01066, 41.58904, 20.37443, 15.51485, 29.46143, 0.00000, 23.10430, 24.60701],
      [28.74280, 33.25117, 21.18874, 17.40223, 19.87754, 37.06937, 16.71717, 8.01882, 20.10445, 17.83151, 17.01376, 20.70262, 13.98564, 20.51037, 17.48256, 39.39136, 42.54481, 62.27976, 19.88157, 14.57589, 17.60691, 23.10430, 0.00000, 15.52797],
      [22.03058, 30.35344, 15.95026, 11.09493, 12.14182, 31.56881, 12.72620, 43.34631, 12.67422, 7.83385, 14.37301, 11.66068, 12.98998, 23.63000, 11.33494, 37.33294, 35.25079, 59.67477, 12.35678, 11.84202, 9.02522, 24.60701, 15.52797, 0.00000]
    ],
    "fusion": null
  },
  {
    "paso": 1,
    "clusters": [["A"], ["B"], ["C"], ["E"], ["F"], ["G"], ["H"], ["I"], ["J"], ["K"], ["L"], ["M"], ["N"], ["O"], ["P"], ["Q"], ["R"], ["T"], ["U"], ["V"], ["W"], ["X"], ["D", "S"]],
    "matriz": [
      [null, 41.62144, 18.04772, 16.55482, 38.04791, 30.85168, 49.37998, 14.56311, 24.84853, 29.33424, 22.89348, 32.69037, 42.44892, 27.18935, 46.45016, 47.21815, 66.01329, 25.67525, 15.43903, 39.72202, 28.74280, 22.03058, 32.19563],
      [41.62144, null, 36.18502, 34.02050, 14.33266, 20.91773, 43.21478, 31.02054, 26.10816, 18.46544, 24.70385, 33.53915, 32.21356, 20.49374, 15.95440, 19.15630, 34.81985, 20.72753, 33.77822, 14.26412, 33.25117, 30.35344, 24.79069],
      [18.04772, 36.18502, null, 6.20885, 34.00572, 20.95201, 47.10072, 14.66311, 20.27368, 23.63408, 20.18668, 25.41776, 34.08495, 19.20715, 41.08485, 42.25838, 61.76057, 18.85836, 9.92411, 32.03240, 21.18874, 15.95026, 24.29413],
      [16.55482, 34.02050, 6.20885, null, 32.08512, 19.18476, 45.99229, 10.93820, 16.73429, 20.83036, 17.27502, 22.22475, 32.10970, 16.36244, 39.21287, 39.69697, 60.32511, 16.05912, 8.04200, 30.03936, 19.87754, 12.14182, 21.27086],
      [38.04791, 14.33266, 34.00572, 32.08512, null, 24.75486, 50.11366, 28.05633, 29.90386, 24.50886, 27.94601, 37.25657, 41.65745, 21.85109, 12.37902, 27.25792, 29.32151, 24.05196, 33.52896, 21.11358, 37.06937, 31.56881, 30.44395],
      [30.85168, 20.91773, 20.95201, 19.18476, 24.75486, null, 41.20765, 19.11959, 11.92458, 9.06803, 14.15953, 16.00514, 20.25564, 6.10726, 28.44243, 28.96483, 50.85322, 8.33968, 17.73208, 13.97355, 16.71717, 12.72620, 10.47416],
      [49.37998, 43.21478, 47.10072, 45.99229, 50.11366, 41.20765, null, 47.04870, 42.04868, 36.09506, 40.16358, 42.15670, 34.81395, 40.61949, 50.43147, 52.45709, 67.95498, 38.27734, 43.21861, 40.84714, 8.01882, 43.34631, 43.07536],
      [14.56311, 31.02054, 14.66311, 10.93820, 28.05633, 19.11959, 47.04870, null, 16.14461, 19.21729, 16.50592, 22.84391, 33.99461, 14.99148, 34.81744, 38.83691, 56.01933, 14.58167, 11.50492, 27.06951, 20.10445, 12.67422, 22.31145],
      [24.84853, 26.10816, 20.27368, 16.73429, 29.90386, 11.92458, 42.04868, 16.14461, null, 10.34233, 6.44903, 15.63484, 21.00679, 11.83421, 35.96643, 28.99471, 57.96417, 10.30270, 12.98153, 22.53028, 17.83151, 7.83385, 8.03366],
      [29.33424, 18.46544, 23.63408, 20.83036, 24.50886, 9.06803, 36.09506, 19.21729, 10.34233, null, 10.38756, 17.55827, 19.33054, 8.96109, 28.78979, 26.87496, 50.90043, 5.89625, 18.36764, 14.08305, 17.01376, 14.37301, 11.31278],
      [22.89348, 24.70385, 20.18668, 17.27502, 27.94601, 14.15953, 40.16358, 16.50592, 6.44903, 10.38756, null, 20.30523, 24.12092, 13.17657, 35.35028, 27.86257, 56.44425, 11.00510, 12.90154, 23.55200, 20.70262, 11.66068, 12.20348],
      [32.69037, 33.53915, 25.41776, 22.22475, 37.25657, 16.00514, 42.15670, 22.84391, 15.63484, 17.55827, 20.30523, null, 17.94159, 16.93239, 40.15784, 39.45988, 62.46387, 17.34528, 20.00498, 23.73972, 13.98564, 12.98998, 14.36158],
      [42.44892, 32.21356, 34.08495, 32.10970, 41.65745, 20.25564, 34.81395, 33.99461, 21.00679, 19.33054, 24.12092, 17.94159, null, 23.83909, 42.80704, 35.56980, 64.63775, 22.28291, 28.83718, 24.90805, 20.51037, 23.63000, 17.07183],
      [27.18935, 20.49374, 19.20715, 16.36244, 21.85109, 6.10726, 40.61949, 14.99148, 11.83421, 8.96109, 13.17657, 16.93239, 23.83909, null, 26.50140, 29.80598, 49.03685, 6.36347, 15.92902, 14.99779, 17.48256, 11.33494, 12.94894],
      [46.45016, 15.95440, 41.08485, 39.21287, 12.37902, 28.44243, 50.43147, 34.81744, 35.96643, 28.78979, 35.35028, 40.15784, 42.80704, 26.50140, null, 32.24975, 23.60365, 28.74112, 40.67823, 19.70188, 39.39136, 37.33294, 35.28889],
      [47.21815, 19.15630, 42.25838, 39.69697, 27.25792, 28.96483, 52.45709, 38.83691, 28.99471, 26.87496, 27.86257, 39.45988, 35.56980, 29.80598, 32.24975, null, 46.12342, 29.90465, 38.98768, 29.01066, 42.54481, 35.25079, 28.25881],
      [66.01329, 34.81985, 61.76057, 60.32511, 29.32151, 50.85322, 67.95498, 56.01933, 57.96417, 50.90043, 56.44425, 62.46387, 64.63775, 49.03685, 23.60365, 46.12342, null, 51.25891, 62.30396, 41.58904, 62.27976, 59.67477, 57.01341],
      [25.67525, 20.72753, 18.85836, 16.05912, 24.05196, 8.33968, 38.27734, 14.58167, 10.30270, 5.89625, 11.00510, 17.34528, 22.28291, 6.36347, 28.74112, 29.90465, 51.25891, null, 14.89967, 15.51485, 14.57589, 11.84202, 13.00743],
      [15.43903, 33.77822, 9.92411, 8.04200, 33.52896, 17.73208, 43.21861, 11.50492, 12.98153, 18.36764, 12.90154, 20.00498, 28.83718, 15.92902, 40.67823, 38.98768, 62.30396, 14.89967, null, 29.46143, 17.60691, 9.02522, 18.87283],
      [39.72202, 14.26412, 32.03240, 30.03936, 21.11358, 13.97355, 40.84714, 27.06951, 22.53028, 14.08305, 23.55200, 23.73972, 24.90805, 14.99779, 19.70188, 29.01066, 41.58904, 15.51485, 29.46143, null, 23.10430, 24.60701, 20.37443],
      [28.74280, 33.25117, 21.18874, 19.87754, 37.06937, 16.71717, 8.01882, 20.10445, 17.83151, 17.01376, 20.70262, 13.98564, 20.51037, 17.48256, 39.39136, 42.54481, 62.27976, 14.57589, 17.60691, 23.10430, null, 15.52797, 19.88157],
      [22.03058, 30.35344, 15.95026, 12.14182, 31.56881, 12.72620, 43.34631, 12.67422, 7.83385, 14.37301, 11.66068, 12.98998, 23.63000, 11.33494, 37.33294, 35.25079, 59.67477, 11.84202, 9.02522, 24.60701, 15.52797, null, 12.35678],
      [32.19563, 24.79069, 24.29413, 21.27086, 30.44395, 10.47416, 43.07536, 22.31145, 8.03366, 11.31278, 12.20348, 14.36158, 17.07183, 12.94894, 35.28889, 28.25881, 57.01341, 13.00743, 18.87283, 20.37443, 19.88157, 12.35678, null]
    ],
    "fusion": {
      "clusters": ["D", "S"],
      "distancia": 5.05120
    }
  },
  {
    "paso": 2,
    "clusters": [["A"], ["B"], ["C"], ["E"], ["F"], ["G"], ["H"], ["I"], ["J"], ["L"], ["M"], ["N"], ["O"], ["P"], ["Q"], ["R"], ["U"], ["V"], ["W"], ["X"], ["D", "S"], ["K", "T"]],
    "matriz": [
      [null, 41.62144, 18.04772, 16.55482, 38.04791, 30.85168, 49.37998, 14.56311, 24.84853, 22.89348, 32.69037, 42.44892, 27.18935, 46.45016, 47.21815, 66.01329, 15.43903, 39.72202, 28.74280, 22.03058, 32.19563, 29.33424],
      [41.62144, null, 36.18502, 34.02050, 14.33266, 20.91773, 43.21478, 31.02054, 26.10816, 24.70385, 33.53915, 32.21356, 20.49374, 15.95440, 19.15630, 34.81985, 33.77822, 14.26412, 33.25117, 30.35344, 24.79069, 20.72753],
      [18.04772, 36.18502, null, 6.20885, 34.00572, 20.95201, 47.10072, 14.66311, 20.27368, 20.18668, 25.41776, 34.08495, 19.20715, 41.08485, 42.25838, 61.76057, 9.92411, 32.03240, 21.18874, 15.95026, 24.29413, 23.63408],
      [16.55482, 34.02050, 6.20885, null, 32.08512, 19.18476, 45.99229, 10.93820, 16.73429, 17.27502, 22.22475, 32.10970, 16.36244, 39.21287, 39.69697, 60.32511, 8.04200, 30.03936, 19.87754, 12.14182, 21.27086, 20.83036],
      [38.04791, 14.33266, 34.00572, 32.08512, null, 24.75486, 50.11366, 28.05633, 29.90386, 27.94601, 37.25657, 41.65745, 21.85109, 12.37902, 27.25792, 29.32151, 33.52896, 21.11358, 37.06937, 31.56881, 30.44395, 24.50886],
      [30.85168, 20.91773, 20.95201, 19.18476, 24.75486, null, 41.20765, 19.11959, 11.92458, 14.15953, 16.00514, 20.25564, 6.10726, 28.44243, 28.96483, 50.85322, 17.73208, 13.97355, 16.71717, 12.72620, 10.47416, 9.06803],
      [49.37998, 43.21478, 47.10072, 45.99229, 50.11366, 41.20765, null, 47.04870, 42.04868, 40.16358, 42.15670, 34.81395, 40.61949, 50.43147, 52.45709, 67.95498, 43.21861, 40.84714, 8.01882, 43.34631, 43.07536, 38.27734],
      [14.56311, 31.02054, 14.66311, 10.93820, 28.05633, 19.11959, 47.04870, null, 16.14461, 16.50592, 22.84391, 33.99461, 14.99148, 34.81744, 38.83691, 56.01933, 11.50492, 27.06951, 20.10445, 12.67422, 22.31145, 19.21729],
      [24.84853, 26.10816, 20.27368, 16.73429, 29.90386, 11.92458, 42.04868, 16.14461, null, 6.44903, 15.63484, 21.00679, 11.83421, 35.96643, 28.99471, 57.96417, 12.98153, 22.53028, 17.83151, 7.83385, 8.03366, 10.34233],
      [22.89348, 24.70385, 20.18668, 17.27502, 27.94601, 14.15953, 40.16358, 16.50592, 6.44903, null, 20.30523, 24.12092, 13.17657, 35.35028, 27.86257, 56.44425, 12.90154, 23.55200, 20.70262, 11.66068, 12.20348, 11.00510],
      [32.69037, 33.53915, 25.41776, 22.22475, 37.25657, 16.00514, 42.15670, 22.84391, 15.63484, 20.30523, null, 17.94159, 16.93239, 40.15784, 39.45988, 62.46387, 20.00498, 23.73972, 13.98564, 12.98998, 14.36158, 17.55827],
      [42.44892, 32.21356, 34.08495, 32.10970, 41.65745, 20.25564, 34.81395, 33.99461, 21.00679, 24.12092, 17.94159, null, 23.83909, 42.80704, 35.56980, 64.63775, 28.83718, 24.90805, 20.51037, 23.63000, 17.07183, 22.28291],
      [27.18935, 20.49374, 19.20715, 16.36244, 21.85109, 6.10726, 40.61949, 14.99148, 11.83421, 13.17657, 16.93239, 23.83909, null, 26.50140, 29.80598, 49.03685, 15.92902, 14.99779, 17.48256, 11.33494, 12.94894, 8.96109],
      [46.45016, 15.95440, 41.08485, 39.21287, 12.37902, 28.44243, 50.43147, 34.81744, 35.96643, 35.35028, 40.15784, 42.80704, 26.50140, null, 32.24975, 23.60365, 40.67823, 19.70188, 39.39136, 37.33294, 35.28889, 28.78979],
      [47.21815, 19.15630, 42.25838, 39.69697, 27.25792, 28.96483, 52.45709, 38.83691, 28.99471, 27.86257, 39.45988, 35.56980, 29.80598, 32.24975, null, 46.12342, 38.98768, 29.01066, 42.54481, 35.25079, 28.25881, 29.90465],
      [66.01329, 34.81985, 61.76057, 60.32511, 29.32151, 50.85322, 67.95498, 56.01933, 57.96417, 56.44425, 62.46387, 64.63775, 49.03685, 23.60365, 46.12342, null, 62.30396, 41.58904, 62.27976, 59.67477, 57.01341, 51.25891],
      [15.43903, 33.77822, 9.92411, 8.04200, 33.52896, 17.73208, 43.21861, 11.50492, 12.98153, 12.90154, 20.00498, 28.83718, 15.92902, 40.67823, 38.98768, 62.30396, null, 29.46143, 17.60691, 9.02522, 18.87283, 18.36764],
      [39.72202, 14.26412, 32.03240, 30.03936, 21.11358, 13.97355, 40.84714, 27.06951, 22.53028, 23.55200, 23.73972, 24.90805, 14.99779, 19.70188, 29.01066, 41.58904, 29.46143, null, 23.10430, 24.60701, 20.37443, 15.51485],
      [28.74280, 33.25117, 21.18874, 19.87754, 37.06937, 16.71717, 8.01882, 20.10445, 17.83151, 20.70262, 13.98564, 20.51037, 17.48256, 39.39136, 42.54481, 62.27976, 17.60691, 23.10430, null, 15.52797, 19.88157, 17.01376],
      [22.03058, 30.35344, 15.95026, 12.14182, 31.56881, 12.72620, 43.34631, 12.67422, 7.83385, 11.66068, 12.98998, 23.63000, 11.33494, 37.33294, 35.25079, 59.67477, 9.02522, 24.60701, 15.52797, null, 12.35678, 14.37301],
      [32.19563, 24.79069, 24.29413, 21.27086, 30.44395, 10.47416, 43.07536, 22.31145, 8.03366, 12.20348, 14.36158, 17.07183, 12.94894, 35.28889, 28.25881, 57.01341, 18.87283, 20.37443, 19.88157, 12.35678, null, 13.00743],
      [29.33424, 20.72753, 23.63408, 20.83036, 24.50886, 9.06803, 38.27734, 19.21729, 10.34233, 11.00510, 17.55827, 22.28291, 8.96109, 28.78979, 29.90465, 51.25891, 18.36764, 15.51485, 17.01376, 14.37301, 13.00743, null]
    ],
    "fusion": {
      "clusters": ["K", "T"],
      "distancia": 5.89625
    }
  },
  {
    "paso": 3,
    "clusters": [["A"], ["B"], ["C"], ["E"], ["F"], ["H"], ["I"], ["J"], ["L"], ["M"], ["N"], ["P"], ["Q"], ["R"], ["U"], ["V"], ["W"], ["X"], ["D", "S"], ["K", "T"], ["G", "O"]],
    "matriz": [
      [null, 41.62144, 18.04772, 16.55482, 38.04791, 49.37998, 14.56311, 24.84853, 22.89348, 32.69037, 42.44892, 46.45016, 47.21815, 66.01329, 15.43903, 39.72202, 28.74280, 22.03058, 32.19563, 29.33424, 30.85168],
      [41.62144, null, 36.18502, 34.02050, 14.33266, 43.21478, 31.02054, 26.10816, 24.70385, 33.53915, 32.21356, 15.95440, 19.15630, 34.81985, 33.77822, 14.26412, 33.25117, 30.35344, 24.79069, 20.72753, 20.91773],
      [18.04772, 36.18502, null, 6.20885, 34.00572, 47.10072, 14.66311, 20.27368, 20.18668, 25.41776, 34.08495, 41.08485, 42.25838, 61.76057, 9.92411, 32.03240, 21.18874, 15.95026, 24.29413, 23.63408, 20.95201],
      [16.55482, 34.02050, 6.20885, null, 32.08512, 45.99229, 10.93820, 16.73429, 17.27502, 22.22475, 32.10970, 39.21287, 39.69697, 60.32511, 8.04200, 30.03936, 19.87754, 12.14182, 21.27086, 20.83036, 19.18476],
      [38.04791, 14.33266, 34.00572, 32.08512, null, 50.11366, 28.05633, 29.90386, 27.94601, 37.25657, 41.65745, 12.37902, 27.25792, 29.32151, 33.52896, 21.11358, 37.06937, 31.56881, 30.44395, 24.50886, 24.75486],
      [49.37998, 43.21478, 47.10072, 45.99229, 50.11366, null, 47.04870, 42.04868, 40.16358, 42.15670, 34.81395, 50.43147, 52.45709, 67.95498, 43.21861, 40.84714, 8.01882, 43.34631, 43.07536, 38.27734, 41.20765],
      [14.56311, 31.02054, 14.66311, 10.93820, 28.05633, 47.04870, null, 16.14461, 16.50592, 22.84391, 33.99461, 34.81744, 38.83691, 56.01933, 11.50492, 27.06951, 20.10445, 12.67422, 22.31145, 19.21729, 19.11959],
      [24.84853, 26.10816, 20.27368, 16.73429, 29.90386, 42.04868, 16.14461, null, 6.44903, 15.63484, 21.00679, 35.96643, 28.99471, 57.96417, 12.98153, 22.53028, 17.83151, 7.83385, 8.03366, 10.34233, 11.92458],
      [22.89348, 24.70385, 20.18668, 17.27502, 27.94601, 40.16358, 16.50592, 6.44903, null, 20.30523, 24.12092, 35.35028, 27.86257, 56.44425, 12.90154, 23.55200, 20.70262, 11.66068, 12.20348, 11.00510, 14.15953],
      [32.69037, 33.53915, 25.41776, 22.22475, 37.25657, 42.15670, 22.84391, 15.63484, 20.30523, null, 17.94159, 40.15784, 39.45988, 62.46387, 20.00498, 23.73972, 13.98564, 12.98998, 14.36158, 17.55827, 16.93239],
      [42.44892, 32.21356, 34.08495, 32.10970, 41.65745, 34.81395, 33.99461, 21.00679, 24.12092, 17.94159, null, 42.80704, 35.56980, 64.63775, 28.83718, 24.90805, 20.51037, 23.63000, 17.07183, 22.28291, 23.83909],
      [46.45016, 15.95440, 41.08485, 39.21287, 12.37902, 50.43147, 34.81744, 35.96643, 35.35028, 40.15784, 42.80704, null, 32.24975, 23.60365, 40.67823, 19.70188, 39.39136, 37.33294, 35.28889, 28.78979, 28.44243],
      [47.21815, 19.15630, 42.25838, 39.69697, 27.25792, 52.45709, 38.83691, 28.99471, 27.86257, 39.45988, 35.56980, 32.24975, null, 46.12342, 38.98768, 29.01066, 42.54481, 35.25079, 28.25881, 29.90465, 29.80598],
      [66.01329, 34.81985, 61.76057, 60.32511, 29.32151, 67.95498, 56.01933, 57.96417, 56.44425, 62.46387, 64.63775, 23.60365, 46.12342, null, 62.30396, 41.58904, 62.27976, 59.67477, 57.01341, 51.25891, 50.85322],
      [15.43903, 33.77822, 9.92411, 8.04200, 33.52896, 43.21861, 11.50492, 12.98153, 12.90154, 20.00498, 28.83718, 40.67823, 38.98768, 62.30396, null, 29.46143, 17.60691, 9.02522, 18.87283, 18.36764, 17.73208],
      [39.72202, 14.26412, 32.03240, 30.03936, 21.11358, 40.84714, 27.06951, 22.53028, 23.55200, 23.73972, 24.90805, 19.70188, 29.01066, 41.58904, 29.46143, null, 23.10430, 24.60701, 20.37443, 15.51485, 14.99779],
      [28.74280, 33.25117, 21.18874, 19.87754, 37.06937, 8.01882, 20.10445, 17.83151, 20.70262, 13.98564, 20.51037, 39.39136, 42.54481, 62.27976, 17.60691, 23.10430, null, 15.52797, 19.88157, 17.01376, 17.48256],
      [22.03058, 30.35344, 15.95026, 12.14182, 31.56881, 43.34631, 12.67422, 7.83385, 11.66068, 12.98998, 23.63000, 37.33294, 35.25079, 59.67477, 9.02522, 24.60701, 15.52797, null, 12.35678, 14.37301, 12.72620],
      [32.19563, 24.79069, 24.29413, 21.27086, 30.44395, 43.07536, 22.31145, 8.03366, 12.20348, 14.36158, 17.07183, 35.28889, 28.25881, 57.01341, 18.87283, 20.37443, 19.88157, 12.35678, null, 13.00743, 12.94894],
      [29.33424, 20.72753, 23.63408, 20.83036, 24.50886, 38.27734, 19.21729, 10.34233, 11.00510, 17.55827, 22.28291, 28.78979, 29.90465, 51.25891, 18.36764, 15.51485, 17.01376, 14.37301, 13.00743, null, 9.06803],
      [30.85168, 20.91773, 20.95201, 19.18476, 24.75486, 41.20765, 19.11959, 11.92458, 14.15953, 16.93239, 23.83909, 28.44243, 29.80598, 50.85322, 17.73208, 14.99779, 17.48256, 12.72620, 12.94894, 9.06803, null]
    ],
    "fusion": {
      "clusters": ["G", "O"],
      "distancia": 6.10726
    }
  },
  {
    "paso": 4,
    "clusters": [["A"], ["B"], ["F"], ["H"], ["I"], ["J"], ["L"], ["M"], ["N"], ["P"], ["Q"], ["R"], ["U"], ["V"], ["W"], ["X"], ["D", "S"], ["K", "T"], ["G", "O"], ["C", "E"]],
    "matriz": [
      [null, 41.62144, 38.04791, 49.37998, 14.56311, 24.84853, 22.89348, 32.69037, 42.44892, 46.45016, 47.21815, 66.01329, 15.43903, 39.72202, 28.74280, 22.03058, 32.19563, 29.33424, 30.85168, 18.04772],
      [41.62144, null, 14.33266, 43.21478, 31.02054, 26.10816, 24.70385, 33.53915, 32.21356, 15.95440, 19.15630, 34.81985, 33.77822, 14.26412, 33.25117, 30.35344, 24.79069, 20.72753, 20.91773, 36.18502],
      [38.04791, 14.33266, null, 50.11366, 28.05633, 29.90386, 27.94601, 37.25657, 41.65745, 12.37902, 27.25792, 29.32151, 33.52896, 21.11358, 37.06937, 31.56881, 30.44395, 24.50886, 24.75486, 34.00572],
      [49.37998, 43.21478, 50.11366, null, 47.04870, 42.04868, 40.16358, 42.15670, 34.81395, 50.43147, 52.45709, 67.95498, 43.21861, 40.84714, 8.01882, 43.34631, 43.07536, 38.27734, 41.20765, 47.10072],
      [14.56311, 31.02054, 28.05633, 47.04870, null, 16.14461, 16.50592, 22.84391, 33.99461, 34.81744, 38.83691, 56.01933, 11.50492, 27.06951, 20.10445, 12.67422, 22.31145, 19.21729, 19.11959, 14.66311],
      [24.84853, 26.10816, 29.90386, 42.04868, 16.14461, null, 6.44903, 15.63484, 21.00679, 35.96643, 28.99471, 57.96417, 12.98153, 22.53028, 17.83151, 7.83385, 8.03366, 10.34233, 11.92458, 20.27368],
      [22.89348, 24.70385, 27.94601, 40.16358, 16.50592, 6.44903, null, 20.30523, 24.12092, 35.35028, 27.86257, 56.44425, 12.90154, 23.55200, 20.70262, 11.66068, 12.20348, 11.00510, 14.15953, 20.18668],
      [32.69037, 33.53915, 37.25657, 42.15670, 22.84391, 15.63484, 20.30523, null, 17.94159, 40.15784, 39.45988, 62.46387, 20.00498, 23.73972, 13.98564, 12.98998, 14.36158, 17.55827, 16.93239, 25.41776],
      [42.44892, 32.21356, 41.65745, 34.81395, 33.99461, 21.00679, 24.12092, 17.94159, null, 42.80704, 35.56980, 64.63775, 28.83718, 24.90805, 20.51037, 23.63000, 17.07183, 22.28291, 23.83909, 34.08495],
      [46.45016, 15.95440, 12.37902, 50.43147, 34.81744, 35.96643, 35.35028, 40.15784, 42.80704, null, 32.24975, 23.60365, 40.67823, 19.70188, 39.39136, 37.33294, 35.28889, 28.78979, 28.44243, 41.08485],
      [47.21815, 19.15630, 27.25792, 52.45709, 38.83691, 28.99471, 27.86257, 39.45988, 35.56980, 32.24975, null, 46.12342, 38.98768, 29.01066, 42.54481, 35.25079, 28.25881, 29.90465, 29.80598, 42.25838],
      [66.01329, 34.81985, 29.32151, 67.95498, 56.01933, 57.96417, 56.44425, 62.46387, 64.63775, 23.60365, 46.12342, null, 62.30396, 41.58904, 62.27976, 59.67477, 57.01341, 51.25891, 50.85322, 61.76057],
      [15.43903, 33.77822, 33.52896, 43.21861, 11.50492, 12.98153, 12.90154, 20.00498, 28.83718, 40.67823, 38.98768, 62.30396, null, 29.46143, 17.60691, 9.02522, 18.87283, 18.36764, 17.73208, 9.92411],
      [39.72202, 14.26412, 21.11358, 40.84714, 27.06951, 22.53028, 23.55200, 23.73972, 24.90805, 19.70188, 29.01066, 41.58904, 29.46143, null, 23.10430, 24.60701, 20.37443, 15.51485, 14.99779, 32.03240],
      [28.74280, 33.25117, 37.06937, 8.01882, 20.10445, 17.83151, 20.70262, 13.98564, 20.51037, 39.39136, 42.54481, 62.27976, 17.60691, 23.10430, null, 15.52797, 19.88157, 17.01376, 17.48256, 21.18874],
      [22.03058, 30.35344, 31.56881, 43.34631, 12.67422, 7.83385, 11.66068, 12.98998, 23.63000, 37.33294, 35.25079, 59.67477, 9.02522, 24.60701, 15.52797, null, 12.35678, 14.37301, 12.72620, 15.95026],
      [32.19563, 24.79069, 30.44395, 43.07536, 22.31145, 8.03366, 12.20348, 14.36158, 17.07183, 35.28889, 28.25881, 57.01341, 18.87283, 20.37443, 19.88157, 12.35678, null, 13.00743, 12.94894, 24.29413],
      [29.33424, 20.72753, 24.50886, 38.27734, 19.21729, 10.34233, 11.00510, 17.55827, 22.28291, 28.78979, 29.90465, 51.25891, 18.36764, 15.51485, 17.01376, 14.37301, 13.00743, null, 9.06803, 23.63408],
      [30.85168, 20.91773, 24.75486, 41.20765, 19.11959, 11.92458, 14.15953, 16.93239, 23.83909, 28.44243, 29.80598, 50.85322, 17.73208, 14.99779, 17.48256, 12.72620, 12.94894, 9.06803, null, 20.95201],
      [18.04772, 36.18502, 34.00572, 47.10072, 14.66311, 20.27368, 20.18668, 25.41776, 34.08495, 41.08485, 42.25838, 61.76057, 9.92411, 32.03240, 21.18874, 15.95026, 24.29413, 23.63408, 20.95201, null]
    ],
    "fusion": {
      "clusters": ["C", "E"],
      "distancia": 6.20885
    }
  },
  {
    "paso": 5,
    "clusters": [["A"], ["B"], ["F"], ["H"], ["I"], ["M"], ["N"], ["P"], ["Q"], ["R"], ["U"], ["V"], ["W"], ["X"], ["D", "S"], ["K", "T"], ["G", "O"], ["C", "E"], ["J", "L"]],
    "matriz": [
      [null, 41.62144, 38.04791, 49.37998, 14.56311, 32.69037, 42.44892, 46.45016, 47.21815, 66.01329, 15.43903, 39.72202, 28.74280, 22.03058, 32.19563, 29.33424, 30.85168, 18.04772, 24.84853],
      [41.62144, null, 14.33266, 43.21478, 31.02054, 33.53915, 32.21356, 15.95440, 19.15630, 34.81985, 33.77822, 14.26412, 33.25117, 30.35344, 24.79069, 20.72753, 20.91773, 36.18502, 26.10816],
      [38.04791, 14.33266, null, 50.11366, 28.05633, 37.25657, 41.65745, 12.37902, 27.25792, 29.32151, 33.52896, 21.11358, 37.06937, 31.56881, 30.44395, 24.50886, 24.75486, 34.00572, 29.90386],
      [49.37998, 43.21478, 50.11366, null, 47.04870, 42.15670, 34.81395, 50.43147, 52.45709, 67.95498, 43.21861, 40.84714, 8.01882, 43.34631, 43.07536, 38.27734, 41.20765, 47.10072, 42.04868],
      [14.56311, 31.02054, 28.05633, 47.04870, null, 22.84391, 33.99461, 34.81744, 38.83691, 56.01933, 11.50492, 27.06951, 20.10445, 12.67422, 22.31145, 19.21729, 19.11959, 14.66311, 16.50592],
      [32.69037, 33.53915, 37.25657, 42.15670, 22.84391, null, 17.94159, 40.15784, 39.45988, 62.46387, 20.00498, 23.73972, 13.98564, 12.98998, 14.36158, 17.55827, 16.93239, 25.41776, 20.30523],
      [42.44892, 32.21356, 41.65745, 34.81395, 33.99461, 17.94159, null, 42.80704, 35.56980, 64.63775, 28.83718, 24.90805, 20.51037, 23.63000, 17.07183, 22.28291, 23.83909, 34.08495, 24.12092],
      [46.45016, 15.95440, 12.37902, 50.43147, 34.81744, 40.15784, 42.80704, null, 32.24975, 23.60365, 40.67823, 19.70188, 39.39136, 37.33294, 35.28889, 28.78979, 28.44243, 41.08485, 35.96643],
      [47.21815, 19.15630, 27.25792, 52.45709, 38.83691, 39.45988, 35.56980, 32.24975, null, 46.12342, 38.98768, 29.01066, 42.54481, 35.25079, 28.25881, 29.90465, 29.80598, 42.25838, 28.99471],
      [66.01329, 34.81985, 29.32151, 67.95498, 56.01933, 62.46387, 64.63775, 23.60365, 46.12342, null, 62.30396, 41.58904, 62.27976, 59.67477, 57.01341, 51.25891, 50.85322, 61.76057, 57.96417],
      [15.43903, 33.77822, 33.52896, 43.21861, 11.50492, 20.00498, 28.83718, 40.67823, 38.98768, 62.30396, null, 29.46143, 17.60691, 9.02522, 18.87283, 18.36764, 17.73208, 9.92411, 12.98153],
      [39.72202, 14.26412, 21.11358, 40.84714, 27.06951, 23.73972, 24.90805, 19.70188, 29.01066, 41.58904, 29.46143, null, 23.10430, 24.60701, 20.37443, 15.51485, 14.99779, 32.03240, 23.55200],
      [28.74280, 33.25117, 37.06937, 8.01882, 20.10445, 13.98564, 20.51037, 39.39136, 42.54481, 62.27976, 17.60691, 23.10430, null, 15.52797, 19.88157, 17.01376, 17.48256, 21.18874, 20.70262],
      [22.03058, 30.35344, 31.56881, 43.34631, 12.67422, 12.98998, 23.63000, 37.33294, 35.25079, 59.67477, 9.02522, 24.60701, 15.52797, null, 12.35678, 14.37301, 12.72620, 15.95026, 11.66068],
      [32.19563, 24.79069, 30.44395, 43.07536, 22.31145, 14.36158, 17.07183, 35.28889, 28.25881, 57.01341, 18.87283, 20.37443, 19.88157, 12.35678, null, 13.00743, 12.94894, 24.29413, 12.20348],
      [29.33424, 20.72753, 24.50886, 38.27734, 19.21729, 17.55827, 22.28291, 28.78979, 29.90465, 51.25891, 18.36764, 15.51485, 17.01376, 14.37301, 13.00743, null, 9.06803, 23.63408, 11.00510],
      [30.85168, 20.91773, 24.75486, 41.20765, 19.11959, 16.93239, 23.83909, 28.44243, 29.80598, 50.85322, 17.73208, 14.99779, 17.48256, 12.72620, 12.94894, 9.06803, null, 20.95201, 14.15953],
      [18.04772, 36.18502, 34.00572, 47.10072, 14.66311, 25.41776, 34.08495, 41.08485, 42.25838, 61.76057, 9.92411, 32.03240, 21.18874, 15.95026, 24.29413, 23.63408, 20.95201, null, 20.27368],
      [24.84853, 26.10816, 29.90386, 42.04868, 16.50592, 20.30523, 24.12092, 35.96643, 28.99471, 57.96417, 12.98153, 23.55200, 20.70262, 11.66068, 12.20348, 11.00510, 14.15953, 20.27368, null]
    ],
    "fusion": {
      "clusters": ["J", "L"],
      "distancia": 6.44903
    }
  },
  {
    "paso": 6,
    "clusters": [["A"], ["B"], ["F"], ["I"], ["M"], ["N"], ["P"], ["Q"], ["R"], ["U"], ["V"], ["X"], ["D", "S"], ["K", "T"], ["G", "O"], ["C", "E"], ["J", "L"], ["H", "W"]],
    "matriz": [
      [null, 41.62144, 38.04791, 14.56311, 32.69037, 42.44892, 46.45016, 47.21815, 66.01329, 15.43903, 39.72202, 22.03058, 32.19563, 29.33424, 30.85168, 18.04772, 24.84853, 49.37998],
      [41.62144, null, 14.33266, 31.02054, 33.53915, 32.21356, 15.95440, 19.15630, 34.81985, 33.77822, 14.26412, 30.35344, 24.79069, 20.72753, 20.91773, 36.18502, 26.10816, 43.21478],
      [38.04791, 14.33266, null, 28.05633, 37.25657, 41.65745, 12.37902, 27.25792, 29.32151, 33.52896, 21.11358, 31.56881, 30.44395, 24.50886, 24.75486, 34.00572, 29.90386, 50.11366],
      [14.56311, 31.02054, 28.05633, null, 22.84391, 33.99461, 34.81744, 38.83691, 56.01933, 11.50492, 27.06951, 12.67422, 22.31145, 19.21729, 19.11959, 14.66311, 16.50592, 47.04870],
      [32.69037, 33.53915, 37.25657, 22.84391, null, 17.94159, 40.15784, 39.45988, 62.46387, 20.00498, 23.73972, 12.98998, 14.36158, 17.55827, 16.93239, 25.41776, 20.30523, 42.15670],
      [42.44892, 32.21356, 41.65745, 33.99461, 17.94159, null, 42.80704, 35.56980, 64.63775, 28.83718, 24.90805, 23.63000, 17.07183, 22.28291, 23.83909, 34.08495, 24.12092, 34.81395],
      [46.45016, 15.95440, 12.37902, 34.81744, 40.15784, 42.80704, null, 32.24975, 23.60365, 40.67823, 19.70188, 37.33294, 35.28889, 28.78979, 28.44243, 41.08485, 35.96643, 50.43147],
      [47.21815, 19.15630, 27.25792, 38.83691, 39.45988, 35.56980, 32.24975, null, 46.12342, 38.98768, 29.01066, 35.25079, 28.25881, 29.90465, 29.80598, 42.25838, 28.99471, 52.45709],
      [66.01329, 34.81985, 29.32151, 56.01933, 62.46387, 64.63775, 23.60365, 46.12342, null, 62.30396, 41.58904, 59.67477, 57.01341, 51.25891, 50.85322, 61.76057, 57.96417, 67.95498],
      [15.43903, 33.77822, 33.52896, 11.50492, 20.00498, 28.83718, 40.67823, 38.98768, 62.30396, null, 29.46143, 9.02522, 18.87283, 18.36764, 17.73208, 9.92411, 12.98153, 43.21861],
      [39.72202, 14.26412, 21.11358, 27.06951, 23.73972, 24.90805, 19.70188, 29.01066, 41.58904, 29.46143, null, 24.60701, 20.37443, 15.51485, 14.99779, 32.03240, 23.55200, 40.84714],
      [22.03058, 30.35344, 31.56881, 12.67422, 12.98998, 23.63000, 37.33294, 35.25079, 59.67477, 9.02522, 24.60701, null, 12.35678, 14.37301, 12.72620, 15.95026, 11.66068, 43.34631],
      [32.19563, 24.79069, 30.44395, 22.31145, 14.36158, 17.07183, 35.28889, 28.25881, 57.01341, 18.87283, 20.37443, 12.35678, null, 13.00743, 12.94894, 24.29413, 12.20348, 43.07536],
      [29.33424, 20.72753, 24.50886, 19.21729, 17.55827, 22.28291, 28.78979, 29.90465, 51.25891, 18.36764, 15.51485, 14.37301, 13.00743, null, 9.06803, 23.63408, 11.00510, 38.27734],
      [30.85168, 20.91773, 24.75486, 19.11959, 16.93239, 23.83909, 28.44243, 29.80598, 50.85322, 17.73208, 14.99779, 12.72620, 12.94894, 9.06803, null, 20.95201, 14.15953, 41.20765],
      [18.04772, 36.18502, 34.00572, 14.66311, 25.41776, 34.08495, 41.08485, 42.25838, 61.76057, 9.92411, 32.03240, 15.95026, 24.29413, 23.63408, 20.95201, null, 20.27368, 47.10072],
      [24.84853, 26.10816, 29.90386, 16.50592, 20.30523, 24.12092, 35.96643, 28.99471, 57.96417, 12.98153, 23.55200, 11.66068, 12.20348, 11.00510, 14.15953, 20.27368, null, 42.04868],
      [49.37998, 43.21478, 50.11366, 47.04870, 42.15670, 34.81395, 50.43147, 52.45709, 67.95498, 43.21861, 40.84714, 43.34631, 43.07536, 38.27734, 41.20765, 47.10072, 42.04868, null]
    ],
    "fusion": {
      "clusters": ["H", "W"],
      "distancia": 8.01882
    }
  },
  {
    "paso": 7,
    "clusters": [["A"], ["B"], ["F"], ["I"], ["M"], ["N"], ["P"], ["Q"], ["R"], ["V"], ["D", "S"], ["K", "T"], ["G", "O"], ["C", "E"], ["J", "L"], ["H", "W"], ["U", "X"]],
    "matriz": [
      [null, 41.62144, 38.04791, 14.56311, 32.69037, 42.44892, 46.45016, 47.21815, 66.01329, 39.72202, 32.19563, 29.33424, 30.85168, 18.04772, 24.84853, 49.37998, 22.03058],
      [41.62144, null, 14.33266, 31.02054, 33.53915, 32.21356, 15.95440, 19.15630, 34.81985, 14.26412, 24.79069, 20.72753, 20.91773, 36.18502, 26.10816, 43.21478, 33.77822],
      [38.04791, 14.33266, null, 28.05633, 37.25657, 41.65745, 12.37902, 27.25792, 29.32151, 21.11358, 30.44395, 24.50886, 24.75486, 34.00572, 29.90386, 50.11366, 33.52896],
      [14.56311, 31.02054, 28.05633, null, 22.84391, 33.99461, 34.81744, 38.83691, 56.01933, 27.06951, 22.31145, 19.21729, 19.11959, 14.66311, 16.50592, 47.04870, 12.67422],
      [32.69037, 33.53915, 37.25657, 22.84391, null, 17.94159, 40.15784, 39.45988, 62.46387, 23.73972, 14.36158, 17.55827, 16.93239, 25.41776, 20.30523, 42.15670, 20.00498],
      [42.44892, 32.21356, 41.65745, 33.99461, 17.94159, null, 42.80704, 35.56980, 64.63775, 24.90805, 17.07183, 22.28291, 23.83909, 34.08495, 24.12092, 34.81395, 28.83718],
      [46.45016, 15.95440, 12.37902, 34.81744, 40.15784, 42.80704, null, 32.24975, 23.60365, 19.70188, 35.28889, 28.78979, 28.44243, 41.08485, 35.96643, 50.43147, 40.67823],
      [47.21815, 19.15630, 27.25792, 38.83691, 39.45988, 35.56980, 32.24975, null, 46.12342, 29.01066, 28.25881, 29.90465, 29.80598, 42.25838, 28.99471, 52.45709, 38.98768],
      [66.01329, 34.81985, 29.32151, 56.01933, 62.46387, 64.63775, 23.60365, 46.12342, null, 41.58904, 57.01341, 51.25891, 50.85322, 61.76057, 57.96417, 67.95498, 62.30396],
      [39.72202, 14.26412, 21.11358, 27.06951, 23.73972, 24.90805, 19.70188, 29.01066, 41.58904, null, 20.37443, 15.51485, 14.99779, 32.03240, 23.55200, 40.84714, 29.46143],
      [32.19563, 24.79069, 30.44395, 22.31145, 14.36158, 17.07183, 35.28889, 28.25881, 57.01341, 20.37443, null, 13.00743, 12.94894, 24.29413, 12.20348, 43.07536, 18.87283],
      [29.33424, 20.72753, 24.50886, 19.21729, 17.55827, 22.28291, 28.78979, 29.90465, 51.25891, 15.51485, 13.00743, null, 9.06803, 23.63408, 11.00510, 38.27734, 18.36764],
      [30.85168, 20.91773, 24.75486, 19.11959, 16.93239, 23.83909, 28.44243, 29.80598, 50.85322, 14.99779, 12.94894, 9.06803, null, 20.95201, 14.15953, 41.20765, 17.73208],
      [18.04772, 36.18502, 34.00572, 14.66311, 25.41776, 34.08495, 41.08485, 42.25838, 61.76057, 32.03240, 24.29413, 23.63408, 20.95201, null, 20.27368, 47.10072, 15.95026],
      [24.84853, 26.10816, 29.90386, 16.50592, 20.30523, 24.12092, 35.96643, 28.99471, 57.96417, 23.55200, 12.20348, 11.00510, 14.15953, 20.27368, null, 42.04868, 12.98153],
      [49.37998, 43.21478, 50.11366, 47.04870, 42.15670, 34.81395, 50.43147, 52.45709, 67.95498, 40.84714, 43.07536, 38.27734, 41.20765, 47.10072, 42.04868, null, 43.34631],
      [22.03058, 33.77822, 33.52896, 12.67422, 20.00498, 28.83718, 40.67823, 38.98768, 62.30396, 29.46143, 18.87283, 18.36764, 17.73208, 15.95026, 12.98153, 43.34631, null]
    ],
    "fusion": {
      "clusters": ["U", "X"],
      "distancia": 9.02522
    }
  },
  {
    "paso": 8,
    "clusters": [["A"], ["B"], ["F"], ["I"], ["M"], ["N"], ["P"], ["Q"], ["R"], ["V"], ["D", "S"], ["C", "E"], ["J", "L"], ["H", "W"], ["U", "X"], ["G", "K", "O", "T"]],
    "matriz": [
      [null, 41.62144, 38.04791, 14.56311, 32.69037, 42.44892, 46.45016, 47.21815, 66.01329, 39.72202, 32.19563, 18.04772, 24.84853, 49.37998, 22.03058, 30.85168],
      [41.62144, null, 14.33266, 31.02054, 33.53915, 32.21356, 15.95440, 19.15630, 34.81985, 14.26412, 24.79069, 36.18502, 26.10816, 43.21478, 33.77822, 20.91773],
      [38.04791, 14.33266, null, 28.05633, 37.25657, 41.65745, 12.37902, 27.25792, 29.32151, 21.11358, 30.44395, 34.00572, 29.90386, 50.11366, 33.52896, 24.75486],
      [14.56311, 31.02054, 28.05633, null, 22.84391, 33.99461, 34.81744, 38.83691, 56.01933, 27.06951, 22.31145, 14.66311, 16.50592, 47.04870, 12.67422, 19.21729],
      [32.69037, 33.53915, 37.25657, 22.84391, null, 17.94159, 40.15784, 39.45988, 62.46387, 23.73972, 14.36158, 25.41776, 20.30523, 42.15670, 20.00498, 17.55827],
      [42.44892, 32.21356, 41.65745, 33.99461, 17.94159, null, 42.80704, 35.56980, 64.63775, 24.90805, 17.07183, 34.08495, 24.12092, 34.81395, 28.83718, 23.83909],
      [46.45016, 15.95440, 12.37902, 34.81744, 40.15784, 42.80704, null, 32.24975, 23.60365, 19.70188, 35.28889, 41.08485, 35.96643, 50.43147, 40.67823, 28.78979],
      [47.21815, 19.15630, 27.25792, 38.83691, 39.45988, 35.56980, 32.24975, null, 46.12342, 29.01066, 28.25881, 42.25838, 28.99471, 52.45709, 38.98768, 29.90465],
      [66.01329, 34.81985, 29.32151, 56.01933, 62.46387, 64.63775, 23.60365, 46.12342, null, 41.58904, 57.01341, 61.76057, 57.96417, 67.95498, 62.30396, 51.25891],
      [39.72202, 14.26412, 21.11358, 27.06951, 23.73972, 24.90805, 19.70188, 29.01066, 41.58904, null, 20.37443, 32.03240, 23.55200, 40.84714, 29.46143, 15.51485],
      [32.19563, 24.79069, 30.44395, 22.31145, 14.36158, 17.07183, 35.28889, 28.25881, 57.01341, 20.37443, null, 24.29413, 12.20348, 43.07536, 18.87283, 13.00743],
      [18.04772, 36.18502, 34.00572, 14.66311, 25.41776, 34.08495, 41.08485, 42.25838, 61.76057, 32.03240, 24.29413, null, 20.27368, 47.10072, 15.95026, 23.63408],
      [24.84853, 26.10816, 29.90386, 16.50592, 20.30523, 24.12092, 35.96643, 28.99471, 57.96417, 23.55200, 12.20348, 20.27368, null, 42.04868, 12.98153, 14.15953],
      [49.37998, 43.21478, 50.11366, 47.04870, 42.15670, 34.81395, 50.43147, 52.45709, 67.95498, 40.84714, 43.07536, 47.10072, 42.04868, null, 43.34631, 41.20765],
      [22.03058, 33.77822, 33.52896, 12.67422, 20.00498, 28.83718, 40.67823, 38.98768, 62.30396, 29.46143, 18.87283, 15.95026, 12.98153, 43.34631, null, 18.36764],
      [30.85168, 20.91773, 24.75486, 19.21729, 17.55827, 23.83909, 28.78979, 29.90465, 51.25891, 15.51485, 13.00743, 23.63408, 14.15953, 41.20765, 18.36764, null]
    ],
    "fusion": {
      "clusters": ["KT", "GO"],
      "distancia": 9.06803
    }
  },
  {
    "paso": 9,
