Paso 0
Clusters:
A B C D E F G 
Matriz:
0.00000 2.15000 0.70000 1.07000 0.85000 1.16000 1.56000 
2.15000 0.00000 1.53000 1.14000 1.38000 1.01000 2.83000 
0.70000 1.53000 0.00000 0.43000 0.21000 0.55000 1.86000 
1.07000 1.14000 0.43000 0.00000 0.29000 0.22000 2.04000 
0.85000 1.38000 0.21000 0.29000 0.00000 0.41000 2.02000 
1.16000 1.01000 0.55000 0.22000 0.41000 0.00000 2.05000 
1.56000 2.83000 1.86000 2.04000 2.02000 2.05000 0.00000 
-----
Paso 1
Clusters:
A B D F G CE 
Matriz:
∞ 2.15000 1.07000 1.16000 1.56000 0.70000 
2.15000 ∞ 1.14000 1.01000 2.83000 1.38000 
1.07000 1.14000 ∞ 0.22000 2.04000 0.29000 
1.16000 1.01000 0.22000 ∞ 2.05000 0.41000 
1.56000 2.83000 2.04000 2.05000 ∞ 1.86000 
0.70000 1.38000 0.29000 0.41000 1.86000 ∞ 
Fusionados: C y E con distancia: 0.21000
-----
Paso 2
Clusters:
A B F G CDE 
Matriz:
∞ 2.15000 0.70000 1.56000 1.07000 
2.15000 ∞ 1.38000 2.83000 1.01000 
0.70000 1.38000 ∞ 2.05000 0.29000 
0.00000 ∞ 2.05000 ∞ 1.86000 
1.07000 1.01000 0.29000 1.86000 ∞ 
Fusionados: D y CE con distancia: 0.22000
-----
Paso 3
Clusters:
A B G CDEF 
Matriz:
∞ 2.15000 1.56000 0.70000 
2.15000 ∞ 2.83000 1.01000 
0.00000 ∞ ∞ 1.86000 
0.00000 1.01000 1.86000 ∞ 
Fusionados: F y CDE con distancia: 0.29000
-----
Paso 4
Clusters:
B G ACDEF 
Matriz:
∞ 2.83000 1.01000 
∞ ∞ 0.00000 
1.01000 1.56000 ∞ 
Fusionados: A y CDEF con distancia: 0.70000
-----
Paso 5
Clusters:
G ABCDEF 
Matriz:
∞ 0.00000 
1.56000 ∞ 
Fusionados: B y ACDEF con distancia: 0.00000
-----
Paso 6
Clusters:
ABCDEFG 
Matriz:
∞ 
Fusionados: G y ABCDEF con distancia: 0.00000
-----
