[
  {
    "paso": 0,
    "clusters": [["A"], ["B"], ["C"], ["D"], ["E"], ["F"], ["G"]],
    "matriz": [
      [0.00000, 2.15000, 0.70000, 1.07000, 0.85000, 1.16000, 1.56000],
      [2.15000, 0.00000, 1.53000, 1.14000, 1.38000, 1.01000, 2.83000],
      [0.70000, 1.53000, 0.00000, 0.43000, 0.21000, 0.55000, 1.86000],
      [1.07000, 1.14000, 0.43000, 0.00000, 0.29000, 0.22000, 2.04000],
      [0.85000, 1.38000, 0.21000, 0.29000, 0.00000, 0.41000, 2.02000],
      [1.16000, 1.01000, 0.55000, 0.22000, 0.41000, 0.00000, 2.05000],
      [1.56000, 2.83000, 1.86000, 2.04000, 2.02000, 2.05000, 0.00000]
    ],
    "fusion": null
  },
  {
    "paso": 1,
    "clusters": [["A"], ["B"], ["D"], ["F"], ["G"], ["C", "E"]],
    "matriz": [
      [null, 2.15000, 1.07000, 1.16000, 1.56000, 0.85000],
      [2.15000, null, 1.14000, 1.01000, 2.83000, 1.53000],
      [1.07000, 1.14000, null, 0.22000, 2.04000, 0.43000],
      [1.16000, 1.01000, 0.22000, null, 2.05000, 0.55000],
      [1.56000, 2.83000, 2.04000, 2.05000, null, 2.02000],
      [0.85000, 1.53000, 0.43000, 0.55000, 2.02000, null]
    ],
    "fusion": {
      "clusters": ["C", "E"],
      "distancia": 0.21000
    }
  },
  {
    "paso": 2,
    "clusters": [["A"], ["B"], ["G"], ["C", "E"], ["D", "F"]],
    "matriz": [
      [null, 2.15000, 1.56000, 0.85000, 1.16000],
      [2.15000, null, 2.83000, 1.53000, 1.14000],
      [1.56000, 2.83000, null, 2.02000, 2.05000],
      [0.85000, 1.53000, 2.02000, null, 0.55000],
      [1.16000, 1.14000, 2.05000, 0.55000, null]
    ],
    "fusion": {
      "clusters": ["D", "F"],
      "distancia": 0.22000
    }
  },
  {
    "paso": 3,
    "clusters": [["A"], ["B"], ["G"], ["C", "D", "E", "F"]],
    "matriz": [
      [null, 2.15000, 1.56000, 1.16000],
      [2.15000, null, 2.83000, 1.53000],
      [1.56000, 2.83000, null, 2.05000],
      [1.16000, 1.53000, 2.05000, null]
    ],
    "fusion": {
      "clusters": ["CE", "DF"],
      "distancia": 0.55000
    }
  },
  {
    "paso": 4,
    "clusters": [["B"], ["G"], ["A", "C", "D", "E", "F"]],
    "matriz": [
      [null, 2.83000, 2.15000],
      [2.83000, null, 2.05000],
      [2.15000, 2.05000, null]
    ],
    "fusion": {
      "clusters": ["A", "CDEF"],
      "distancia": 1.16000
    }
  },
  {
    "paso": 5,
    "clusters": [["B"], ["A", "C", "D", "E", "F", "G"]],
    "matriz": [
      [null, 2.83000],
      [2.83000, null]
    ],
    "fusion": {
      "clusters": ["G", "ACDEF"],
      "distancia": 2.05000
    }
  },
  {
    "paso": 6,
    "clusters": [["A", "B", "C", "D", "E", "F", "G"]],
    "matriz": [
      [null]
    ],
    "fusion": {
      "clusters": ["B", "ACDEFG"],
      "distancia": 2.83000
    }
  }
]
